Introducing contestants...
* Player 1, weighing 394 bytes, "turtle" ("TURTLE FFS U LAMA") !
* Player 2, weighing 634 bytes, "thunder" ("you've been thunderstruck...") !
* Player 3, weighing 489 bytes, "lazer" ("Mundo dit beaucoup son nom pour pas l'oublier, pck c deja arriver!") !
* Player 4, weighing 490 bytes, "fluttershy" ("oh, my, what a scary project") !
0x0000 : 0b 68 01 00 df 00 01 0b 68 01 00 35 00 01 0b 68 01 00 d9 00 01 0b 68 01 00 11 00 01 02 90 00 00 00 00 10 0c 00 bc 01 00 00 00 00 02 90 1a 2b 00 f0 02 02 90 00 00 00 00 10 0c 00 ae 01 00 00 00 
0x0040 : 00 03 70 02 fe 70 03 70 02 fe 70 03 70 02 fe 70 03 70 02 fe 70 03 70 02 fe 70 03 70 02 fe 70 03 70 00 00 00 00 70 02 fe 70 03 70 02 fe 70 03 00 00 00 00 00 00 00 00 ff ff ff fc 00 00 fe 70 03 
0x0080 : 70 70 03 70 02 fe 70 03 70 02 fe 70 03 70 02 fe 70 03 70 02 fe 70 03 70 02 fe 70 03 00 00 00 00 1a 2b 00 f0 00 00 00 00 fe 70 03 70 02 fe 70 03 70 02 fe 70 03 70 02 fe 70 03 70 02 fe 70 03 70 
0x00c0 : 02 fe 70 03 70 02 fe 70 03 70 02 fe 70 03 70 02 fe 70 03 70 02 fe 70 03 70 02 fe 70 09 ff 60 01 00 00 00 00 09 ff fb 00 00 00 00 00 03 70 02 01 90 03 70 02 01 90 03 70 02 01 90 03 70 02 01 90 
0x0100 : 03 70 02 1a 2b 00 f0 00 00 02 02 90 00 00 00 04 03 02 90 00 00 00 60 05 0b 68 01 00 33 00 01 03 70 01 00 06 01 00 00 00 00 70 02 1a 2b 00 f0 02 01 90 03 70 02 01 90 03 70 02 01 90 03 70 02 01 
0x0140 : 90 03 70 02 01 90 03 70 02 01 90 03 00 00 00 00 03 70 02 01 90 03 70 02 01 90 03 70 02 01 90 03 70 02 01 00 00 00 00 00 00 00 00 00 00 00 00 00 00 00 00 00 00 00 00 00 0b 68 01 00 df 00 01 0b 
0x0180 : 68 01 00 35 00 01 0b 09 ff 60 00 00 00 00 00 00 00 00 00 00 00 00 00 00 00 00 00 00 00 00 00 00 00 00 00 00 00 00 00 00 00 00 00 00 00 00 00 00 00 00 00 00 00 00 00 00 00 00 00 00 00 00 00 00 
0x01c0 : 00 00 00 00 00 00 00 00 00 00 00 00 00 00 00 00 00 00 00 00 00 00 00 00 00 00 00 00 00 00 00 00 00 00 00 00 00 00 00 00 00 00 00 00 00 00 00 00 00 00 00 00 00 00 00 00 00 00 00 00 00 00 00 00 
0x0200 : 00 00 00 00 00 00 00 00 00 00 00 00 00 00 00 00 00 00 00 00 00 00 00 00 00 00 00 00 00 00 00 00 00 00 00 00 00 00 00 00 00 00 00 00 00 00 00 00 00 00 00 00 00 00 00 00 00 00 00 00 00 00 00 00 
0x0240 : 00 00 00 00 00 00 00 00 00 00 00 00 00 00 00 00 00 00 00 00 00 00 00 00 00 00 00 00 00 00 00 00 00 00 60 00 00 00 00 00 00 00 00 00 00 00 00 00 00 00 00 1a 2b 00 f0 00 00 00 00 00 1a 2b 00 f0 
0x0280 : 00 1a 2b 00 f0 00 1a 2b 00 f0 00 1a 2b 00 f0 00 1a 2b 00 f0 00 1a 2b 00 f0 00 1a 2b 00 f0 00 1a 2b 00 f0 00 00 00 00 00 00 00 00 00 00 00 00 00 00 00 00 00 00 00 00 00 00 00 00 00 00 00 00 00 
0x02c0 : 60 00 00 00 00 60 00 00 00 00 60 00 00 00 00 60 00 00 00 00 60 00 00 00 00 60 00 00 00 00 00 00 00 00 00 60 00 00 00 00 60 00 00 00 00 60 00 1a 2b 00 f0 00 1a 2b 00 f0 00 1a 2b 00 f0 00 1a 2b 
0x0300 : 00 f0 00 1a 2b 00 f0 00 1a 2b 00 f0 00 1a 2b 00 f0 00 1a 2b 00 f0 00 00 00 00 00 00 00 00 00 00 00 00 00 00 00 00 00 00 00 00 00 00 00 00 00 00 00 00 00 00 00 00 00 00 00 00 00 00 00 00 00 00 
0x0340 : 00 00 00 00 00 00 00 00 00 00 00 00 00 00 00 00 00 1a 2b 00 f0 1a 2b 00 f0 1a 2b 00 f0 1a 2b 00 f0 1a 2b 00 f0 1a 2b 00 f0 1a 2b 00 f0 1a 2b 00 f0 1a 2b 00 f0 1a 2b 00 f0 1a 2b 00 f0 1a 2b 00 
0x0380 : f0 1a 2b 00 f0 1a 2b 00 f0 1a 2b 00 f0 1a 2b 00 f0 1a 2b 00 f0 1a 2b 00 f0 1a 2b 00 f0 1a 2b 00 f0 1a 2b 00 f0 1a 2b 00 f0 1a 2b 00 f0 1a 2b 00 f0 1a 2b 00 f0 1a 2b 00 f0 1a 2b 00 f0 1a 2b 00 
0x03c0 : f0 1a 2b 00 f0 1a 2b 00 f0 1a 2b 00 f0 1a 2b 00 f0 1a 2b 00 f0 00 00 00 00 00 00 00 00 00 00 00 00 00 00 00 00 00 00 00 00 00 00 00 00 00 00 00 00 00 00 00 00 00 00 00 00 00 00 00 00 00 00 00 
0x0400 : 00 00 00 00 00 00 00 00 00 00 00 00 00 00 00 00 00 00 00 00 00 00 00 00 00 00 00 00 00 00 00 00 00 00 00 00 00 00 00 00 00 00 00 00 00 00 00 00 00 02 02 90 00 00 00 00 10 0c 01 26 01 ff ff ff 
0x0440 : fe 03 70 02 ff e8 03 70 02 ff df 03 70 02 ff d6 03 70 02 ff cd 03 70 02 ff c4 03 70 02 ff bb 03 70 02 ff b2 03 70 02 ff a9 03 70 02 ff a0 03 70 02 ff 97 03 70 02 ff 8e 03 70 02 ff 85 03 70 02 
0x0480 : ff 7c 03 70 02 ff 73 03 70 02 ff 6a 03 70 02 ff 61 03 70 02 ff 58 03 70 02 ff 4f 03 70 02 ff 46 03 70 02 ff 3d 03 70 02 ff 34 03 70 02 ff 2b 03 70 02 ff 22 03 70 02 ff 19 03 70 02 ff 10 03 70 
0x04c0 : 02 ff 07 03 70 02 fe fe 03 70 02 fe f5 03 70 02 fe ec 03 70 02 fe e3 03 70 02 fe da 03 70 02 fe d1 03 70 02 fe c8 03 70 02 fe bf 03 70 02 fe b6 03 70 02 fe ad 03 70 02 fe a4 03 70 02 fe 9b 03 
0x0500 : 70 02 fe 92 03 70 02 fe 89 03 70 02 fe 80 03 70 02 fe 77 03 70 02 fe 6e 03 70 02 fe 65 03 70 02 fe 5c 03 70 02 fe 53 03 70 02 fe 4a 03 70 02 fe 41 03 70 02 fe 38 03 70 02 fe 2f 03 70 02 fe 26 
0x0540 : 03 70 02 fe 1d 03 70 02 fe 14 03 70 02 fe 0b 03 70 02 fe 02 09 fe e8 01 ff ff ff fe 09 ff fb 01 ff ff ff fe 03 70 02 00 18 03 70 02 00 21 03 70 02 00 2a 03 70 02 00 33 00 00 00 00 00 00 00 60 
0x0580 : 00 45 03 70 02 00 4e 00 00 00 00 00 00 60 02 00 60 03 70 02 00 69 03 70 00 00 00 60 70 02 00 7b 03 70 02 00 84 03 00 00 00 60 03 70 02 00 96 03 70 02 00 9f 03 70 02 00 a8 03 70 02 00 b1 03 70 
0x05c0 : 02 00 ba 03 70 02 00 c3 03 70 02 00 cc 00 00 00 00 00 00 60 02 00 de 03 70 02 00 e7 03 70 02 00 f0 03 70 02 00 f9 03 70 02 01 02 03 70 02 01 0b 03 70 02 01 14 03 70 02 01 1d 00 00 00 60 26 03 
0x0600 : 70 02 01 2f 03 70 02 01 38 03 70 02 01 41 03 70 02 01 4a 03 70 02 01 53 03 70 02 01 5c 03 70 02 01 65 03 70 00 00 00 60 70 02 01 77 03 70 02 01 80 03 70 02 01 89 03 70 02 01 92 03 70 02 01 9b 
0x0640 : 00 00 00 60 a4 03 70 02 01 ad 03 70 02 01 00 00 00 60 01 bf 03 70 02 01 c8 03 70 02 00 00 00 60 02 01 da 03 70 02 01 e3 03 70 00 00 00 60 70 02 01 f5 03 70 02 01 fe 09 00 00 00 60 00 00 00 00 
0x0680 : 00 00 00 00 00 00 00 00 00 60 00 00 00 00 00 00 00 00 00 00 00 00 00 60 00 00 00 00 00 00 00 00 00 00 00 00 00 00 00 00 00 00 00 00 00 00 00 00 00 00 00 00 00 00 00 00 00 00 00 00 00 00 00 00 
0x06c0 : 00 60 00 00 00 00 00 00 00 00 00 00 00 00 00 60 00 00 00 00 00 00 00 00 00 00 00 00 00 60 00 00 00 00 00 00 00 00 00 00 00 00 00 60 00 00 00 00 00 00 00 00 00 00 00 00 00 60 00 00 00 00 00 00 
0x0700 : 00 00 00 00 00 00 00 60 00 00 00 00 00 00 00 00 00 00 00 00 00 60 00 00 00 00 00 00 00 00 00 00 00 00 00 00 60 00 00 00 00 00 00 00 00 00 00 00 00 60 00 00 00 00 00 00 00 00 00 00 00 00 00 60 
0x0740 : 00 00 00 00 00 00 00 00 00 00 00 00 00 60 00 00 00 00 00 00 00 00 00 00 00 00 00 60 00 00 00 00 00 00 00 00 1a 2b 00 00 00 60 00 00 00 00 00 00 00 00 00 00 00 00 00 60 00 00 00 00 00 00 00 00 
0x0780 : 00 00 00 00 00 60 00 00 00 00 00 00 00 00 00 42 42 42 42 42 42 42 42 42 42 42 42 42 42 42 42 42 42 42 42 42 42 42 42 42 42 42 42 42 00 00 00 60 42 42 42 00 00 00 9c 00 00 00 00 00 00 60 9c 00 
0x07c0 : 00 00 9c 42 42 42 42 42 00 00 00 60 00 00 9c 00 00 00 9c 00 00 00 00 00 00 60 9c 42 42 42 42 42 42 42 42 42 42 42 42 42 42 42 42 42 42 42 42 42 42 42 00 00 00 60 42 42 42 42 42 42 42 42 42 42 
0x0800 : 42 42 42 42 42 42 42 42 42 42 42 42 42 42 42 42 42 42 42 42 42 42 42 42 42 42 42 42 42 42 42 42 42 42 42 42 42 42 42 42 42 42 42 42 42 42 42 42 42 42 42 42 42 42 42 42 42 42 42 42 42 42 42 42 
0x0840 : 42 42 42 42 42 42 00 00 00 60 42 42 42 42 42 42 42 42 05 0f 01 ff ff ff fd 0a 94 ff ed 08 10 0b 64 10 01 8a 00 00 00 9c 08 08 0b 64 10 01 7f 08 00 00 00 60 03 70 02 fe ad 09 09 ff cc 02 90 00 
0x0880 : 00 00 00 09 09 ff d0 01 ff ff ff fd 02 90 42 42 42 42 02 03 70 64 10 01 00 00 00 00 00 03 70 02 ff ad 03 70 02 ff a4 03 70 03 70 02 fe 00 00 00 00 03 70 02 ff 8d 03 70 02 70 02 fe ad 02 ff 7c 
0x08c0 : 03 70 02 ff 73 03 70 02 ff 6a 03 70 02 70 02 fe b6 03 70 02 fe ad 03 70 02 03 70 02 ff 00 00 00 00 00 00 00 00 03 70 02 fe 89 03 70 02 03 70 02 ff 22 03 70 02 ff 19 03 70 02 ff 10 03 70 02 ff 
0x0900 : 07 03 70 02 fe fe 03 70 02 fe f5 03 70 02 fe ec 03 70 02 fe e3 03 70 02 fe da 03 70 02 fe d1 03 70 02 fe c8 03 70 02 fe bf 03 70 02 fe b6 03 70 02 fe ad 03 70 02 fe a4 03 70 02 fe 9b 03 70 02 
0x0940 : fe 92 03 70 02 fe 89 03 70 42 42 42 06 70 02 fe 77 03 70 02 fe 6e 03 70 02 fe 65 03 70 02 fe 5c 03 70 02 fe 53 03 70 02 fe ff e5 09 ff fe 41 03 70 02 fe 38 03 70 02 fe 2f 03 70 02 fe 26 03 70 
0x0980 : 02 fe 1d 03 70 02 fe 14 03 70 02 fe 0b 03 70 02 fe 02 09 fe f5 02 90 00 00 00 04 08 02 90 00 00 00 00 04 02 90 42 42 42 42 06 01 ff ff ff fd 42 42 64 10 01 00 00 00 00 00 04 0b 74 06 00 42 42 
0x09c0 : 42 00 00 00 00 0c ff e5 09 ff e2 01 ff ff ff fd 04 54 04 08 04 0b 58 06 04 00 14 04 54 04 08 04 0b 00 00 00 00 00 00 00 00 00 00 00 00 42 42 42 42 42 42 42 42 42 42 42 42 42 42 42 06 94 ff ed 
0x0a00 : 08 00 00 00 00 00 00 00 00 54 0f 08 08 0b 64 10 01 00 00 00 00 00 00 00 00 54 0f 08 08 0b 64 10 01 00 00 00 00 00 00 00 00 ff e5 09 ff 00 00 00 00 42 42 42 42 00 00 00 00 00 00 00 00 00 00 00 
0x0a40 : 00 00 00 00 00 00 00 00 00 00 00 00 00 00 00 00 00 00 00 00 00 00 00 00 00 00 00 00 00 00 00 00 00 00 00 00 00 00 00 00 00 00 00 00 00 00 00 00 00 00 00 00 00 00 00 00 00 00 00 00 00 00 00 00 
0x0a80 : 00 00 00 00 00 00 00 00 00 00 00 00 00 00 00 00 00 00 00 00 00 00 00 00 00 00 00 00 00 00 00 00 00 00 00 00 00 00 00 00 00 00 00 00 00 00 00 00 00 00 00 00 00 00 00 00 00 00 00 00 00 00 00 00 
0x0ac0 : 00 00 00 00 00 00 00 00 00 00 00 00 00 00 00 00 00 00 00 00 00 00 00 00 00 00 00 00 00 00 00 00 00 00 00 00 00 00 00 00 00 00 00 00 00 00 00 00 00 00 00 00 00 00 00 00 00 00 00 00 00 00 00 00 
0x0b00 : 00 00 00 00 00 00 00 00 00 00 00 00 00 00 00 00 00 00 00 00 00 00 00 00 00 00 00 00 00 00 00 00 00 00 00 00 00 00 00 00 00 00 00 00 00 00 00 00 00 00 00 00 00 00 00 00 00 00 00 00 00 00 00 00 
0x0b40 : 00 00 00 00 00 00 00 00 00 00 00 00 00 00 00 00 00 00 00 00 00 00 00 00 00 00 00 00 00 00 00 00 00 00 00 00 00 00 00 00 00 09 00 00 09 00 00 09 00 00 09 00 00 09 00 00 09 00 00 09 00 00 09 00 
0x0b80 : 00 09 00 00 09 00 00 09 00 00 09 00 00 09 00 00 09 00 00 09 00 00 09 00 00 09 00 00 09 00 00 09 00 00 09 00 00 09 00 00 09 00 00 09 00 00 09 00 00 09 00 00 09 00 00 09 00 00 09 00 00 09 00 00 
0x0bc0 : 09 00 00 09 00 00 09 00 00 09 00 00 09 00 00 09 00 00 09 00 00 09 00 00 09 00 00 09 00 00 09 00 00 09 00 00 09 00 00 09 00 00 09 00 00 09 00 00 09 00 00 09 00 00 09 00 00 09 00 00 09 00 00 09 
0x0c00 : 00 00 09 00 00 09 00 00 09 00 00 09 00 00 09 71 03 09 00 00 09 01 ff 09 00 00 09 00 f1 03 70 01 00 06 01 00 00 00 00 0c ff fb 0b 68 01 00 34 00 01 03 70 01 00 06 01 00 00 00 00 0b 68 01 00 3e 
0x0c40 : 00 01 02 90 ff ff ff fa 02 02 90 ff ff ff fa 03 02 90 09 00 00 09 04 02 90 ff ff ff 46 05 01 00 00 00 00 0b 64 04 ff ba 02 04 54 02 03 02 0b 64 04 ff af 02 04 54 02 03 02 01 00 00 00 00 08 54 
0x0c80 : 02 05 0f 09 ff a7 02 90 00 00 00 00 10 09 ff d1 03 70 01 00 06 01 00 00 00 00 0c ff fb 03 70 01 00 3a 03 70 01 00 3a 03 70 01 00 3a 03 70 01 00 3a 03 70 01 00 3a 03 70 01 00 3a 03 70 01 00 3a 
0x0cc0 : 03 70 01 00 3a 03 70 01 00 3a 03 70 01 00 3a 02 90 00 00 00 00 10 01 ff ff ff fc 01 ff ff ff fc 01 ff ff ff fc 01 ff ff ff fc 01 ff ff ff fc 01 ff ff ff fc 01 ff ff ff fc 01 ff ff ff fc 01 ff 
0x0d00 : ff ff fc 01 ff ff ff fc 09 ff ce 03 70 01 00 06 01 ff ff ff fc 0c ff fb 0b 68 01 00 34 00 01 03 70 01 00 06 01 ff ff ff fc 0b 68 01 00 3e 00 01 02 90 00 00 00 00 02 02 90 00 00 00 06 03 02 90 
0x0d40 : 09 00 00 09 04 02 90 00 00 00 b4 05 01 ff ff ff fc 0b 64 04 00 99 02 04 54 02 03 02 0b 64 04 00 8e 02 04 54 02 03 02 01 ff ff ff fc 08 54 02 05 0f 09 ff a7 02 90 00 00 00 00 10 09 ff d1 03 70 
0x0d80 : 01 00 06 01 00 00 00 00 0c ff fb 02 90 00 00 00 00 02 02 90 00 00 00 04 03 02 90 00 00 00 60 05 0b 68 01 00 33 00 01 03 70 01 00 06 01 ff ff ff fc 0a 94 ff da 02 04 0b 64 04 01 90 02 04 54 02 
0x0dc0 : 03 02 0a 94 ff c9 02 04 0b 64 04 01 7f 02 04 54 02 03 02 01 ff ff ff fc 08 54 02 05 0f 09 01 6a 02 90 00 00 00 00 0f 09 ff c5 09 00 00 09 00 00 09 00 00 09 00 00 09 00 00 09 00 00 09 00 00 09 
0x0e00 : 00 00 09 00 00 09 00 00 09 00 00 09 00 00 09 00 00 09 00 00 09 00 00 09 00 00 09 00 00 09 00 00 09 00 00 09 00 00 09 00 00 09 00 00 09 00 00 09 00 00 09 00 00 09 00 00 09 00 00 09 00 00 09 00 
0x0e40 : 00 09 00 00 09 00 00 09 00 00 09 00 00 09 00 00 09 00 00 09 00 00 09 00 00 09 00 00 09 00 00 09 00 00 09 00 00 09 00 00 09 00 00 09 00 00 09 00 00 09 00 00 09 00 00 09 00 00 09 00 00 09 00 00 
0x0e80 : 09 00 00 09 f0 00 09 00 00 09 00 00 09 00 00 09 00 00 09 00 00 09 00 00 09 00 00 09 00 00 00 00 00 00 00 00 00 00 00 00 00 00 00 00 00 00 00 00 00 1a 2b 00 f0 00 1a 2b 00 f0 00 1a 2b 00 f0 00 
0x0ec0 : 1a 2b 00 f0 00 1a 2b 00 f0 00 1a 2b 00 f0 00 1a 2b 00 f0 00 1a 2b 00 f0 00 1a 2b 00 f0 00 1a 2b 00 f0 00 1a 2b 00 f0 00 1a 2b 00 f0 00 1a 2b 00 f0 00 1a 2b 00 f0 00 1a 2b 00 f0 00 1a 2b 00 f0 
0x0f00 : 00 1a 2b 00 f0 00 1a 2b 00 f0 00 1a 2b 00 f0 00 1a 2b 00 f0 00 1a 2b 00 f0 00 1a 2b 00 f0 00 1a 2b 00 f0 00 1a 2b 00 f0 00 1a 2b 00 f0 00 1a 2b 00 f0 00 1a 2b 00 f0 00 1a 2b 00 f0 00 1a 2b 00 
0x0f40 : f0 00 1a 2b 00 f0 00 1a 2b 00 f0 00 00 02 02 90 00 00 00 04 03 02 90 00 00 00 60 05 0b 68 01 00 33 00 01 03 70 01 00 06 01 ff ff ff fc 0a 94 ff da 02 04 00 00 00 00 90 02 04 54 02 03 02 0a 94 
0x0f80 : ff c9 02 04 0b 64 04 68 01 00 d9 54 02 03 02 01 ff ff ff fc 08 54 02 05 0f 09 01 6a 02 90 00 00 00 00 0f 09 ff c5 09 00 00 00 00 00 00 00 00 00 00 00 00 00 00 00 00 00 00 00 00 00 0b 68 01 00 
0x0fc0 : df 00 01 0b 68 01 00 35 00 01 0b 68 01 00 d9 00 01 0b 68 00 00 00 00 00 00 00 00 00 00 00 00 00 00 00 00 00 00 00 00 00 00 00 00 00 00 00 00 00 00 00 00 00 00 00 00 00 00 00 00 00 00 00 00 00 
